100
3 3
2 1 2
1 1 1
2 1 2
5 5
2 2 2 2 2
2 1 1 1 2
2 1 2 1 2
2 1 1 1 2
2 2 2 2 2
8 5
2 2 2 1 2
2 1 1 2 2
2 2 2 2 2
2 2 2 2 2
1 2 2 2 2
2 2 2 2 2
1 2 2 1 2
2 2 2 2 1
9 2
1 1
2 1
2 2
1 1
2 1
2 1
1 1
1 2
2 2
8 5
1 1 1 1 2
2 2 1 2 2
2 1 2 1 2
1 1 2 2 2
1 2 1 1 1
2 1 1 1 2
1 1 1 1 2
2 1 2 2 1
4 4
2 2 2 2
2 2 2 2
2 2 1 2
2 2 2 2
10 10
2 2 2 2 2 2 2 2 2 2
2 2 2 2 2 2 2 2 2 2
2 2 2 2 2 2 2 2 2 2
2 2 2 2 2 2 2 2 2 2
2 2 2 2 2 2 2 2 2 2
2 2 2 2 2 2 2 2 2 2
2 2 2 2 2 2 2 2 2 2
2 2 2 2 2 2 2 2 2 2
2 1 2 2 2 2 2 2 2 2
2 2 2 2 2 2 2 2 2 2
8 5
1 1 1 1 1
1 1 1 1 1
2 1 2 1 1
2 1 2 1 1
2 1 2 1 1
2 1 2 1 1
1 1 1 1 1
2 1 2 1 1
2 4
2 2 1 2
2 2 2 2
1 1
1
4 4
2 2 2 2
2 2 2 2
2 2 2 2
2 2 2 1
9 4
2 2 2 2
2 2 1 1
2 1 1 2
2 2 2 2
1 2 2 2
2 1 2 1
2 2 2 2
1 2 1 2
2 1 2 1
4 4
1 2 2 1
1 1 1 1
1 2 2 1
1 2 2 1
2 9
2 1 2 2 1 2 2 2 1
2 2 2 2 2 1 2 2 2
4 3
1 1 2
1 1 2
1 2 1
2 1 1
1 1
2
3 4
2 2 1 1
2 2 2 1
1 2 2 2
5 8
2 2 2 1 2 1 1 2
2 2 2 2 1 1 1 2
2 1 1 2 2 1 1 1
1 2 1 2 2 2 2 2
2 2 2 2 1 2 2 1
10 10
1 2 2 2 1 1 1 1 1 1
2 1 1 1 2 1 2 1 2 2
2 1 1 2 1 2 1 1 2 1
2 1 2 2 1 2 2 2 2 1
2 1 2 2 2 2 1 1 1 1
2 2 1 1 2 1 1 2 2 1
1 1 1 1 2 2 2 1 1 1
1 1 2 2 2 1 1 1 1 2
1 2 1 1 2 2 2 2 2 1
2 2 1 1 1 1 2 2 2 1
10 2
1 1
1 2
1 2
1 1
1 1
1 1
1 2
1 2
1 1
1 2
5 9
1 2 1 1 1 2 2 2 2
2 2 1 2 2 1 2 2 2
2 2 1 2 1 2 2 2 2
2 2 1 1 2 1 1 1 2
2 2 2 2 2 2 2 2 2
8 7
1 2 1 1 1 2 2
1 2 1 2 2 2 1
1 2 1 1 1 2 1
1 1 1 1 2 2 1
1 2 2 1 2 2 2
2 1 1 1 2 2 1
2 1 1 2 1 2 2
1 1 2 1 2 1 2
5 10
2 2 1 1 1 1 2 2 1 2
1 1 1 1 2 2 2 1 2 1
2 1 2 1 1 2 2 2 2 2
2 2 1 2 2 1 1 2 2 1
1 1 1 2 1 2 2 2 2 2
8 6
2 2 2 2 2 1
1 2 2 2 2 1
1 2 1 2 2 1
2 2 2 1 2 1
2 1 1 2 1 1
1 2 2 2 2 2
1 2 2 2 2 2
1 2 1 1 2 2
1 3
2 2 1
6 9
2 2 1 2 2 2 1 2 2
1 2 2 2 1 2 2 2 2
2 2 2 2 2 2 2 2 2
2 2 2 2 2 1 1 2 2
1 1 2 2 2 2 2 2 1
2 1 2 2 2 2 2 2 2
10 5
1 2 1 2 2
1 1 1 1 1
1 1 1 1 1
1 2 1 2 2
1 1 1 1 1
1 2 1 2 2
1 1 1 1 1
1 1 1 1 1
1 2 1 2 2
1 2 1 2 2
5 8
1 1 1 2 1 2 1 2
1 2 1 2 2 1 1 1
1 1 1 2 1 2 1 2
1 2 2 1 2 1 1 1
2 2 2 1 1 1 1 2
10 10
1 1 1 1 1 1 1 1 1 1
1 1 1 1 1 1 1 1 1 1
1 1 1 1 1 1 1 1 1 1
1 2 1 1 1 1 2 2 1 1
1 1 1 1 1 1 1 1 1 1
1 2 1 1 1 1 2 2 1 1
1 1 1 1 1 1 1 1 1 1
1 2 1 1 1 1 2 2 1 1
1 2 1 1 1 1 2 2 1 1
1 2 1 1 1 1 2 2 1 1
10 5
2 2 2 2 2
2 2 2 2 2
2 2 2 2 2
2 2 2 2 2
2 2 2 2 2
2 2 2 2 2
2 2 2 2 2
2 2 2 2 2
2 2 2 2 1
2 2 2 2 2
10 10
2 2 2 2 2 2 2 2 2 2
2 2 2 2 2 2 2 2 2 2
2 2 2 2 2 2 2 2 2 2
2 2 2 2 2 2 2 2 2 2
2 2 2 2 2 2 2 2 2 2
2 2 2 2 2 2 2 2 2 2
2 2 2 2 2 2 2 2 2 2
1 2 2 2 2 2 2 2 2 2
2 2 2 2 2 2 2 2 2 2
2 2 2 2 2 1 2 2 2 2
2 10
2 2 2 2 1 1 2 1 2 2
2 1 1 1 1 2 2 2 1 1
2 9
1 2 1 1 2 1 1 1 1
1 1 1 2 2 1 2 1 2
9 4
1 1 1 1
1 1 1 1
1 2 1 1
1 1 1 1
1 1 1 1
1 2 1 1
1 1 1 1
1 2 1 1
1 2 1 1
10 10
2 2 2 2 1 2 1 2 1 2
2 2 2 2 1 2 1 2 1 2
2 2 2 2 1 2 1 2 1 2
2 2 2 2 1 2 1 2 1 2
1 1 1 1 1 1 1 1 1 1
2 2 2 2 1 2 1 2 1 2
2 2 2 2 1 2 1 2 1 2
1 1 1 1 1 1 1 1 1 1
2 2 2 2 1 2 1 2 1 2
1 1 1 1 1 1 1 1 1 1
8 3
2 1 2
2 2 2
2 2 2
2 2 2
2 2 2
2 2 2
2 2 2
2 2 2
7 5
1 1 1 1 1
2 2 2 2 1
2 2 2 2 1
2 2 2 2 1
2 2 2 2 1
1 1 1 1 1
1 1 1 1 1
6 9
1 1 1 1 1 1 1 1 1
1 2 2 1 2 1 1 1 2
1 1 1 1 1 1 1 1 1
1 2 2 1 2 2 1 1 2
1 1 1 1 1 1 1 1 1
1 2 2 1 2 2 1 1 2
10 10
2 2 2 2 2 2 2 2 2 2
2 2 2 2 2 2 2 2 2 2
2 2 2 2 2 2 2 2 2 2
2 2 2 2 2 2 2 2 2 2
2 2 2 2 2 2 2 2 2 2
2 2 2 2 2 2 2 2 2 2
2 2 2 2 1 2 2 2 2 2
2 2 2 2 2 2 2 2 2 2
2 2 2 2 2 2 2 2 2 2
2 2 2 2 2 2 2 2 2 2
10 10
1 2 1 2 1 1 2 1 1 1
2 2 1 1 2 1 1 2 1 2
1 1 2 1 2 1 1 1 1 2
1 1 1 2 1 2 1 2 1 1
1 1 2 1 1 2 2 2 2 2
1 1 2 1 1 2 1 1 2 2
2 2 2 1 2 2 1 2 2 1
1 1 2 1 2 1 2 1 1 2
1 1 1 1 1 1 1 1 2 1
1 1 2 1 2 2 2 1 2 2
1 2
1 1
7 5
2 2 1 2 2
2 2 2 2 2
2 2 2 2 1
1 2 2 2 2
2 2 2 2 2
1 1 2 2 2
1 2 2 2 2
5 9
1 1 1 1 1 1 1 1 1
1 2 2 1 2 1 2 1 1
1 2 2 1 2 1 2 1 1
1 2 2 1 2 1 2 1 1
1 1 1 1 1 1 1 1 1
5 8
1 1 1 1 1 1 1 1
1 1 1 1 1 1 1 1
1 1 1 1 1 1 1 1
1 2 2 2 1 1 2 2
1 2 2 2 1 1 2 2
7 1
1
1
1
1
1
1
1
8 5
2 2 2 2 2
2 2 2 2 2
2 2 2 2 2
2 2 2 2 2
2 1 2 2 2
2 2 2 2 2
2 2 2 2 2
2 2 2 2 2
6 9
1 1 1 1 1 1 1 1 1
2 1 2 1 2 2 1 1 1
1 1 1 1 1 1 1 1 1
2 1 2 1 2 2 1 1 1
2 1 2 1 2 2 1 1 1
2 1 2 1 2 2 1 1 1
10 2
2 2
2 2
2 2
2 2
2 2
2 2
2 1
2 2
2 2
2 2
9 2
2 2
2 2
2 2
2 2
2 2
1 1
2 2
1 2
1 1
9 2
1 2
1 1
1 1
1 1
1 2
1 1
1 2
1 2
1 1
3 4
1 1 2 1
1 1 1 1
1 1 2 2
9 4
2 2 2 2
2 2 2 2
1 2 2 2
2 2 2 2
2 2 2 2
2 2 2 2
2 2 2 2
2 2 2 2
2 2 2 2
6 8
1 1 1 1 1 1 1 1
2 1 1 2 2 1 1 2
2 1 1 2 2 1 1 2
1 1 1 1 1 1 1 1
2 1 1 2 2 1 1 2
1 1 1 1 1 1 1 1
4 4
2 2 2 1
1 1 1 1
2 2 2 1
1 1 1 1
8 8
2 1 2 1 2 2 2 1
2 1 2 1 2 2 2 1
1 1 1 1 1 1 1 1
2 1 2 1 2 2 2 1
2 1 2 1 2 2 2 1
1 1 1 1 1 1 1 1
2 1 2 1 2 2 2 1
1 1 1 1 1 1 1 1
2 9
2 2 1 1 2 2 2 1 2
1 1 1 1 1 1 1 1 1
2 1
1
1
5 9
2 2 2 2 2 2 2 2 2
2 2 2 1 2 2 2 2 2
2 2 2 2 2 2 2 2 2
2 2 2 2 2 2 2 2 2
2 2 2 2 2 2 2 2 2
4 2
2 2
1 2
1 1
2 2
10 10
1 1 1 1 1 1 1 1 1 1
1 1 1 1 1 1 1 1 1 1
1 1 1 1 1 1 1 1 1 1
1 1 1 1 1 1 2 1 1 1
1 1 1 1 1 1 1 1 1 1
1 1 1 1 1 1 1 1 1 1
1 1 1 1 1 1 1 1 1 1
2 1 1 1 1 1 1 1 1 1
1 1 1 1 1 1 1 1 1 1
1 1 1 1 1 1 1 1 1 1
5 7
2 2 1 2 1 2 2
1 1 1 2 1 2 1
2 2 1 1 2 2 2
1 2 2 1 2 2 2
2 1 1 1 2 2 1
8 7
1 1 1 1 1 1 1
1 1 1 1 1 1 1
1 1 1 1 1 1 1
1 1 1 1 1 1 1
1 1 1 1 1 1 1
1 1 1 1 1 1 1
1 1 1 1 1 1 1
1 1 1 1 1 1 1
1 2
1 1
8 3
2 2 2
2 2 2
1 2 2
2 2 2
2 2 2
2 2 2
2 1 1
2 2 2
8 8
2 1 1 1 1 1 2 2
2 2 1 1 1 1 2 2
1 1 1 1 1 1 1 1
2 2 1 1 1 1 2 2
1 1 1 1 1 1 1 1
1 1 1 1 1 1 1 1
1 1 1 1 1 1 1 1
1 1 1 1 1 1 1 1
10 10
1 1 2 1 1 1 1 1 1 1
1 1 1 1 1 1 1 1 1 1
1 1 1 1 1 1 1 1 1 1
1 1 1 1 1 1 1 1 1 1
1 1 1 1 1 1 1 1 1 1
1 1 1 1 1 1 1 1 1 1
1 1 1 1 1 1 1 1 1 1
1 1 1 1 1 1 1 1 1 1
1 1 1 1 1 1 2 1 1 1
1 1 1 1 1 1 1 1 1 1
8 8
1 2 1 2 1 2 1 1
2 2 2 2 2 1 2 1
1 2 1 1 1 2 1 2
1 1 1 2 2 1 2 1
2 2 2 1 1 2 1 1
2 2 1 1 2 2 2 1
2 2 2 2 2 2 1 2
1 1 1 1 2 1 2 1
2 9
2 2 1 2 2 2 2 2 2
2 2 2 2 2 2 2 2 2
10 10
2 2 2 2 2 2 2 2 2 2
2 2 2 2 2 2 2 2 2 2
2 2 2 2 2 2 2 2 2 2
2 2 2 2 2 2 2 2 2 2
2 2 2 2 2 2 2 2 2 2
2 2 2 2 2 2 2 2 2 2
2 2 2 2 2 2 2 2 2 1
2 2 1 2 2 2 2 2 2 2
2 2 2 2 2 2 2 2 2 2
2 2 2 2 2 2 2 2 2 2
9 6
2 1 1 1 1 1
2 1 1 2 2 2
1 2 2 2 2 2
2 2 1 1 1 1
1 1 2 1 2 2
2 2 1 2 2 2
2 2 2 1 2 2
2 2 2 2 1 1
1 1 1 2 2 1
7 5
2 1 1 2 1
1 1 1 1 1
2 2 1 2 1
2 2 1 2 1
2 2 1 2 1
1 1 1 1 1
1 1 1 1 1
4 4
1 2 1 1
1 2 1 1
1 1 2 1
2 2 1 2
5 8
2 2 1 2 1 2 1 1
2 2 1 2 1 2 1 1
2 1 1 2 1 2 1 1
1 1 1 1 1 1 1 1
1 1 1 1 1 1 1 1
10 10
2 2 2 2 2 2 2 2 2 2
1 2 2 2 2 2 2 2 1 1
2 2 2 2 2 2 2 2 2 2
1 2 2 2 2 2 2 2 2 2
2 2 2 1 2 2 2 2 2 2
2 2 2 1 2 1 2 2 2 2
2 2 2 2 2 2 2 2 2 2
2 2 2 2 2 2 2 2 1 2
2 2 2 2 2 2 2 2 2 2
2 1 2 2 2 2 2 2 2 2
3 8
1 1 2 2 2 1 1 2
1 1 2 2 1 2 2 1
2 1 1 1 1 2 2 2
2 4
2 1 2 1
1 1 1 1
6 8
2 2 2 1 2 2 2 2
2 2 1 2 2 2 2 1
2 2 2 2 1 2 2 1
2 2 2 2 2 2 1 2
2 1 2 2 2 2 2 2
2 1 2 2 2 1 2 2
8 7
1 1 1 1 1 1 1
1 2 2 2 1 2 2
1 2 1 2 1 2 2
1 1 1 1 1 1 1
1 2 2 2 1 2 2
1 2 2 2 1 2 2
1 2 2 2 1 2 2
1 1 1 1 1 1 1
4 4
1 1 2 1
1 2 2 1
1 1 1 1
1 1 1 1
2 4
2 1 2 2
2 2 2 2
10 5
2 1 2 1 2
2 2 1 1 2
1 2 1 1 2
2 1 2 2 2
2 2 2 1 1
2 2 2 2 1
2 1 1 2 1
1 2 1 2 1
2 1 2 1 2
2 1 1 1 2
4 4
2 2 2 2
2 2 2 2
2 2 1 2
2 2 2 2
2 1
2
2
6 8
2 2 2 2 2 2 2 2
2 2 2 2 2 1 2 2
2 2 2 2 2 2 2 2
2 2 2 2 2 2 2 2
2 2 2 2 2 2 2 2
2 2 2 2 2 2 2 2
4 9
1 1 2 2 2 2 2 1 2
2 1 1 2 1 1 2 2 1
1 2 2 1 2 1 2 2 2
1 1 1 1 2 2 2 1 2
10 10
2 2 2 2 2 2 2 2 2 2
2 2 2 2 2 2 2 2 2 2
2 2 2 2 2 2 2 2 2 2
2 2 2 2 2 2 2 2 2 2
2 2 2 2 2 2 2 2 2 2
2 2 2 2 2 2 2 2 2 2
2 2 2 2 2 2 2 2 2 2
2 2 2 2 2 2 2 2 2 2
2 2 2 2 2 2 2 2 2 2
2 2 2 2 2 2 2 2 2 2
10 10
2 2 2 2 2 2 2 2 2 2
2 2 2 2 2 2 2 2 2 2
2 1 2 2 2 2 2 2 2 2
2 2 2 2 2 2 2 2 2 2
2 2 2 2 2 2 2 2 2 2
2 2 2 2 2 2 2 2 2 2
2 2 2 2 2 2 2 2 2 2
2 2 2 2 2 2 2 2 2 2
2 2 2 2 2 2 2 2 2 2
2 2 2 2 2 2 2 2 2 2
9 2
2 2
1 2
2 2
2 1
2 2
2 2
2 1
1 2
2 2
2 1
2
2
1 7
2 1 2 1 1 2 2
3 4
2 2 1 1
2 2 1 1
2 2 1 1
8 8
1 1 2 1 1 2 1 2
1 1 2 1 2 2 2 2
2 2 1 1 1 2 2 2
2 1 1 1 1 2 2 1
1 2 2 1 2 1 2 1
2 2 2 1 1 1 1 1
2 1 2 2 1 2 1 1
1 1 1 2 2 1 1 1
10 10
1 1 1 1 1 1 1 1 1 1
1 1 1 1 1 1 1 1 1 1
1 1 1 1 1 1 1 1 1 1
1 1 1 1 1 1 1 1 1 1
2 1 1 1 1 1 1 1 1 1
1 1 1 1 1 1 1 1 1 1
1 1 1 1 1 1 1 1 1 1
1 1 1 1 1 1 1 1 1 1
1 1 1 1 1 1 1 1 1 1
1 1 1 1 1 1 1 1 1 1
8 3
1 1 1
1 2 2
1 2 2
1 2 2
1 2 2
1 2 2
1 1 1
1 1 1
7 8
2 1 1 2 2 1 1 1
2 1 1 1 2 1 1 1
2 2 2 2 1 2 2 1
2 2 1 2 2 1 1 2
1 1 1 1 1 1 1 1
1 2 1 1 2 1 1 2
2 1 2 1 1 2 1 1
3 1
1
1
1
1 2
1 1
10 2
2 2
2 2
2 2
1 2
2 2
2 2
2 2
2 2
2 2
2 2
4 4
2 2 1 1
2 1 2 1
1 2 2 2
2 1 1 2
10 10
1 1 1 1 1 1 1 1 2 1
1 1 1 1 1 1 1 1 1 1
1 1 1 1 1 1 1 1 1 1
1 1 1 1 1 1 1 1 1 1
1 1 1 1 1 1 1 1 1 1
1 1 1 1 1 1 1 1 1 1
1 1 1 1 1 1 1 1 1 1
1 1 1 1 1 1 1 1 1 1
1 1 1 1 1 1 1 1 1 1
1 1 1 1 1 1 1 1 1 1
