100
8 584
8 109
132 720
9 302
137 521
8 484
158 676
90 859
1 9
1 5
832 874
476 950
1 221
3 302
9 584
9 109
21 122
121 584
9 122
65 302
318 794
113 448
483 484
319 533
3 121
3 4
9 9
229 904
120 302
4 302
3 65
303 742
833 932
147 463
484 742
3 5
303 485
9 221
1 10
21 484
77 970
4 9
1 485
1 65
1 1
1 4
180 421
421 667
750 977
120 221
1 104
121 121
10 120
65 742
21 221
1 302
1 121
1 6
8 122
1 2
369 746
121 484
3 104
121 485
3 109
484 484
138 353
199 526
65 485
120 121
3 10
1 109
1 742
502 580
303 584
7 121
1 101
1 584
122 1000
122 483
573 757
3 6
21 485
637 641
1 1000
4 10
17 366
193 379
4 104
484 485
7 10
34 104
484 584
7 109
7 484
21 584
3 9
574 959
384 484
100 1000
